0,0,0,0,0
0.005,5.00849e-05,1.56113e-09,1.56227e-09,0
0.01,0.000100168,3.15637e-09,3.15866e-09,0
0.015,0.000150248,4.75162e-09,4.75523e-09,0
0.02,0.000200322,6.45017e-09,6.4551e-09,0
0.025,0.000250388,8.14872e-09,8.15537e-09,0
0.03,0.000300446,1.00226e-08,1.0031e-08,0
0.035,0.000350492,1.18966e-08,1.19073e-08,0
0.04,0.000400526,1.40227e-08,1.40359e-08,0
0.045,0.000450543,1.61489e-08,1.61654e-08,0
0.05,0.000500544,1.8611e-08,1.86309e-08,0
0.055,0.000550523,2.10732e-08,2.10979e-08,0
0.06,0.000600481,2.39637e-08,2.39934e-08,0
0.065,0.000650413,2.68543e-08,2.6891e-08,0
0.07,0.000700318,3.02768e-08,3.03206e-08,0
0.075,0.000750191,3.36992e-08,3.37533e-08,0
0.08,0.000800032,3.77701e-08,3.78345e-08,0
0.085,0.000849833,4.18411e-08,4.19202e-08,0
0.09,0.000899596,4.66923e-08,4.67862e-08,0
0.095,0.000949311,5.15435e-08,5.16588e-08,0
0.1,0.000998981,5.73245e-08,5.74612e-08,0
0.105,0.00104859,6.31055e-08,6.32728e-08,0
0.11,0.00109815,6.99859e-08,7.01839e-08,0
0.115,0.00114765,7.68663e-08,7.7108e-08,0
0.12,0.00119708,8.5038e-08,8.53237e-08,0
0.125,0.00124643,9.32097e-08,9.35577e-08,0
0.13,0.00129571,1.0289e-07,1.033e-07,0
0.135,0.0013449,1.1257e-07,1.13068e-07,0
0.14,0.001394,1.24002e-07,1.2459e-07,0
0.145,0.001443,1.35435e-07,1.36147e-07,0
0.15,0.0014919,1.48895e-07,1.49732e-07,0
0.155,0.00154068,1.62354e-07,1.63367e-07,0
0.16,0.00158934,1.78148e-07,1.79336e-07,0
0.165,0.00163787,1.93941e-07,1.95375e-07,0
0.17,0.00168627,2.1241e-07,2.1409e-07,0
0.175,0.00173451,2.30878e-07,2.32901e-07,0
0.18,0.0017826,2.524e-07,2.54767e-07,0
0.185,0.00183051,2.73922e-07,2.76765e-07,0
0.19,0.00187825,2.98915e-07,3.02235e-07,0
0.195,0.00192579,3.23908e-07,3.27886e-07,0
0.2,0.00197313,3.52831e-07,3.57469e-07,0
0.205,0.00202025,3.81753e-07,3.87298e-07,0
0.21,0.00206715,4.15106e-07,4.2156e-07,0
0.215,0.0021138,4.48458e-07,4.56157e-07,0
0.22,0.0021602,4.86785e-07,4.95732e-07,0
0.225,0.00220632,5.25111e-07,5.35759e-07,0
0.23,0.00225215,5.69001e-07,5.81353e-07,0
0.235,0.00229768,6.1289e-07,6.27556e-07,0
0.24,0.0023429,6.62974e-07,6.79961e-07,0
0.245,0.00238776,7.13059e-07,7.33181e-07,0
0.25,0.00243229,7.70015e-07,7.93283e-07,0
0.255,0.00247643,8.26972e-07,8.54472e-07,0
0.26,0.00252019,8.91521e-07,9.23266e-07,0
0.265,0.00256353,9.56069e-07,9.93504e-07,0
0.27,0.00260644,1.02897e-06,1.07211e-06,0
0.275,0.0026489,1.10187e-06,1.15263e-06,0
0.28,0.0026909,1.18393e-06,1.24233e-06,0
0.285,0.00273239,1.26599e-06,1.33454e-06,0
0.29,0.00277338,1.35803e-06,1.43677e-06,0
0.295,0.00281382,1.45008e-06,1.5423e-06,0
0.3,0.00285371,1.55298e-06,1.65873e-06,0
0.305,0.00289302,1.65588e-06,1.77947e-06,0
0.31,0.00293172,1.77054e-06,1.91202e-06,0
0.315,0.00296979,1.8852e-06,2.05017e-06,0
0.32,0.00300722,2.01252e-06,2.20105e-06,0
0.325,0.00304396,2.13985e-06,2.3592e-06,0
0.33,0.00308002,2.28077e-06,2.53102e-06,0
0.335,0.00311533,2.42169e-06,2.71221e-06,0
0.34,0.00314992,2.57716e-06,2.90805e-06,0
0.345,0.00318371,2.73262e-06,3.1159e-06,0
0.35,0.00321673,2.90355e-06,3.33936e-06,0
0.355,0.00324891,3.07449e-06,3.5782e-06,0
0.36,0.00328026,3.26183e-06,3.8336e-06,0
0.365,0.00331072,3.44917e-06,4.10857e-06,0
0.37,0.00334031,3.65381e-06,4.40106e-06,0
0.375,0.00336897,3.85846e-06,4.71835e-06,0
0.38,0.0033967,4.08128e-06,5.05409e-06,0
0.385,0.00342346,4.30412e-06,5.42112e-06,0
0.39,0.00344925,4.54597e-06,5.80752e-06,0
0.395,0.00347402,4.78782e-06,6.23323e-06,0
0.4,0.00349777,5.04947e-06,6.67918e-06,0
0.405,0.00352047,5.31113e-06,7.17431e-06,0
0.41,0.0035421,5.5933e-06,7.6905e-06,0
0.415,0.00356264,5.87549e-06,8.26797e-06,0
0.42,0.00358209,6.17882e-06,8.86725e-06,0
0.425,0.0036004,6.48217e-06,9.54254e-06,0
0.43,0.00361758,6.80721e-06,1.02404e-05,0
0.435,0.00363359,7.13228e-06,1.1032e-05,0
0.44,0.00364844,7.47948e-06,1.18469e-05,0
0.445,0.0036621,7.82671e-06,1.27771e-05,0
0.45,0.00367456,8.1964e-06,1.37311e-05,0
0.455,0.00368581,8.56613e-06,1.48263e-05,0
0.46,0.00369584,8.95852e-06,1.59457e-05,0
0.465,0.00370463,9.35096e-06,1.72373e-05,0
0.47,0.00371219,9.7661e-06,1.85535e-05,0
0.475,0.0037185,1.01813e-05,2.00786e-05,0
0.48,0.00372355,1.06191e-05,2.16286e-05,0
0.485,0.00372734,1.1057e-05,2.34311e-05,0
0.49,0.00372988,1.15172e-05,2.52586e-05,0
0.495,0.00373114,1.19775e-05,2.73898e-05,0
0.5,0.00373114,1.24597e-05,2.95461e-05,0
0.505,0.00372988,1.29421e-05,3.2066e-05,0
0.51,0.00372734,1.34456e-05,3.46112e-05,0
0.515,0.00372355,1.39493e-05,3.75898e-05,0
0.52,0.0037185,1.44734e-05,4.05935e-05,0
0.525,0.00371219,1.49976e-05,4.41117e-05,0
0.53,0.00370463,1.55412e-05,4.76549e-05,0
0.535,0.00369584,1.60849e-05,5.1806e-05,0
0.54,0.00368581,1.66467e-05,5.59817e-05,0
0.545,0.00367456,1.72087e-05,6.08726e-05,0
0.55,0.0036621,1.77872e-05,6.57877e-05,0
0.555,0.00364844,1.83661e-05,7.15403e-05,0
0.56,0.00363359,1.89596e-05,7.73166e-05,0
0.565,0.00361758,1.95535e-05,8.40693e-05,0
0.57,0.0036004,2.016e-05,9.08452e-05,0
0.575,0.00358209,2.0767e-05,9.8754e-05,0
0.58,0.00356264,2.13844e-05,0.000106685,0
0.585,0.0035421,2.20023e-05,0.000115926,0
0.59,0.00352047,2.26279e-05,0.000125188,0
0.595,0.00349777,2.32543e-05,0.000135955,0
0.6,0.00347402,2.38855e-05,0.000146743,0
0.605,0.00344925,2.45176e-05,0.000159253,0
0.61,0.00342346,2.51514e-05,0.000171784,0
0.615,0.0033967,2.57862e-05,0.000186278,0
0.62,0.00336897,2.64194e-05,0.00020079,0
0.625,0.00334031,2.70537e-05,0.000217528,0
0.63,0.00331072,2.76828e-05,0.000234284,0
0.635,0.00328026,2.83131e-05,0.000253551,0
0.64,0.00324891,2.89343e-05,0.000272836,0
0.645,0.00321673,2.9557e-05,0.000294942,0
0.65,0.00318371,3.01663e-05,0.000317064,0
0.655,0.00314992,3.07774e-05,0.000342339,0
0.66,0.00311533,3.13708e-05,0.00036763,0
0.665,0.00308002,3.19661e-05,0.000396428,0
0.67,0.00304396,3.25391e-05,0.000425241,0
0.675,0.00300722,3.31144e-05,0.000457936,0
0.68,0.00296979,3.36625e-05,0.000490645,0
0.685,0.00293172,3.42132e-05,0.00052763,0
0.69,0.00289302,3.47318e-05,0.000564628,0
0.695,0.00285371,3.52534e-05,0.000606313,0
0.7,0.00281382,3.57377e-05,0.00064801,0
0.705,0.00277338,3.62254e-05,0.000694818,0
0.71,0.00273239,3.66706e-05,0.000741636,0
0.715,0.0026909,3.71197e-05,0.000793999,0
0.72,0.0026489,3.7521e-05,0.000846372,0
0.725,0.00260644,3.79268e-05,0.000904728,0
0.73,0.00256353,3.82795e-05,0.000963093,0
0.735,0.00252019,3.86371e-05,0.00102788,0
0.74,0.00247643,3.89365e-05,0.00109268,0
0.745,0.00243229,3.92414e-05,0.00116433,0
0.75,0.00238776,3.94831e-05,0.00123599,0
0.755,0.0023429,3.97309e-05,0.00131493,0
0.76,0.00229768,3.99105e-05,0.00139388,0
0.765,0.00225215,4.00969e-05,0.00148051,0
0.77,0.00220632,4.02105e-05,0.00156715,0
0.775,0.0021602,4.03317e-05,0.00166185,0
0.78,0.0021138,4.03757e-05,0.00175656,0
0.785,0.00206715,4.0428e-05,0.00185969,0
0.79,0.00202025,4.03993e-05,0.00196282,0
0.795,0.00197313,4.03797e-05,0.00207468,0
0.8,0.00192579,4.02756e-05,0.00218654,0
0.805,0.00187825,4.01814e-05,0.00230739,0
0.81,0.00183051,3.99999e-05,0.00242825,0
0.815,0.0017826,3.98291e-05,0.00255831,0
0.82,0.00173451,3.95687e-05,0.00268837,0
0.825,0.00168627,3.932e-05,0.00282779,0
0.83,0.00163787,3.898e-05,0.00296721,0
0.835,0.00158934,3.86526e-05,0.00311607,0
0.84,0.00154068,3.82331e-05,0.00326493,0
0.845,0.0014919,3.78271e-05,0.00342324,0
0.85,0.001443,3.73289e-05,0.00358156,0
0.855,0.001394,3.68451e-05,0.00374926,0
0.86,0.0013449,3.62698e-05,0.00391697,0
0.865,0.00129571,3.571e-05,0.00409392,0
0.87,0.00124643,3.50602e-05,0.00427087,0
0.875,0.00119708,3.44268e-05,0.00445683,0
0.88,0.00114765,3.37059e-05,0.0046428,0
0.885,0.00109815,3.30023e-05,0.00483747,0
0.89,0.00104859,3.22146e-05,0.00503214,0
0.895,0.000998981,3.14451e-05,0.0052351,0
0.9,0.000949311,3.05957e-05,0.00543807,0
0.905,0.000899596,2.97653e-05,0.00564886,0
0.91,0.000849833,2.88601e-05,0.00585965,0
0.915,0.000800032,2.79747e-05,0.00607768,0
0.92,0.000750191,2.70204e-05,0.00629572,0
0.925,0.000700318,2.60867e-05,0.00652036,0
0.93,0.000650413,2.50908e-05,0.006745,0
0.935,0.000600481,2.4116e-05,0.00697552,0
0.94,0.000550523,2.30866e-05,0.00720605,0
0.945,0.000500544,2.20788e-05,0.00744168,0
0.95,0.000450543,2.10244e-05,0.0076773,0
0.955,0.000400526,1.9992e-05,0.00791719,0
0.96,0.000350492,1.89216e-05,0.00815707,0
0.965,0.000300446,1.78736e-05,0.00840032,0
0.97,0.000250388,1.67967e-05,0.00864357,0
0.975,0.000200322,1.57423e-05,0.00888925,0
0.98,0.000150248,1.46685e-05,0.00913494,0
0.985,0.000100168,1.36171e-05,0.00938209,0
0.99,5.00849e-05,1.2556e-05,0.00962924,0
0.995,0,1.15172e-05,0.00987689,0
